/*--------------------------------*- C++ -*----------------------------------*\
| =========                 |                                                 |
| \\      /  F ield         | OpenFOAM: The Open Source CFD Toolbox           |
|  \\    /   O peration     | Version:  2.4.x                                 |
|   \\  /    A nd           | Web:      www.OpenFOAM.org                      |
|    \\/     M anipulation  |                                                 |
\*---------------------------------------------------------------------------*/
FoamFile
{
    version     2.0;
    format      ascii;
    class       volScalarField;
    location    "0";
    object      ccy;
}
// * * * * * * * * * * * * * * * * * * * * * * * * * * * * * * * * * * * * * //

dimensions      [0 1 0 0 0 0 0];

internalField   nonuniform List<scalar> 
1300
(
0
0
4.51751e-21
0
0
0
0
0
-7.93132e-20
0
0
0
0
0
0
0
0
0
0
0
2.49319e-20
-2.49319e-20
0
0
2.49319e-20
-2.49319e-20
2.49319e-20
0
2.49319e-20
-2.49319e-20
2.49319e-20
0
0
2.49319e-20
-2.49319e-20
0
0
0
-2.49319e-20
2.49319e-20
0
2.49319e-20
-2.49319e-20
0
0
0
-2.49319e-20
2.49319e-20
0
2.49319e-20
-2.49319e-20
0
0
-1.08763e-19
0
1.08763e-19
0
-1.08763e-19
0
0
0
-1.08763e-19
0
1.08763e-19
0
0
-1.08763e-19
0
1.08763e-19
0
0
0
0
0
-1.08763e-19
0
1.08763e-19
0
-1.08763e-19
0
0
0
0
0
1.08763e-19
0
0
0
0
1.08763e-19
0
0
0
0
0
-1.08763e-19
0
1.08763e-19
0
-1.08763e-19
0
0
0
0
0
0
0
0
0
0
0
0
0
0
0
0
0
0
0
0
0
0
0
0
0
0
0
0
0
0
0
0
0
0
0
0
0
0
0
0
0
0
0
0
0
0
0
0
0
0
0
0
0
0
0
0
0
0
0
0
0
0
0
0
0
0
0
0
0
0
0
0
0
0
0
0
0
0
0
0
0
0
0
0
0
0
0
0
0
0
0
0
0
0
0
0
0
0
0
0
0
0
0
0
0
0
0
0
0
0
0
4.51751e-21
0
0
0
0
4.51751e-21
0
0
0
0
4.51751e-21
0
0
0
0
0
4.51751e-21
0
0
0
0
4.51751e-21
0
0
0
0
4.51751e-21
0
0
0
0
4.51751e-21
0
0
0
0
0
4.51751e-21
0
0
0
0
4.51751e-21
0
0
0
0
4.51751e-21
0
0
0
0
4.51751e-21
0
0
0
0
0
4.51751e-21
0
0
0
0
4.51751e-21
0
0
0
0
4.51751e-21
0
0
0
-1.08763e-19
4.51751e-21
0
0
4.51751e-21
0
-5.43813e-20
4.51751e-21
0
0
-1.08763e-19
0
4.51751e-21
0
0
0
-5.43813e-20
4.51751e-21
0
0
0
0
4.51751e-21
0
0
0
-5.43813e-20
-1.08763e-19
4.51751e-21
0
0
0
0
4.51751e-21
0
0
0
-1.08763e-19
4.51751e-21
0
0
4.51751e-21
0
4.51751e-21
0
0
0
-1.08763e-19
0
4.51751e-21
0
4.51751e-21
0
-5.43813e-20
4.51751e-21
0
0
0
0
4.51751e-21
0
0
0
-5.43813e-20
4.51751e-21
0
0
0
0
0
4.51751e-21
0
0
-5.43813e-20
-1.08763e-19
4.51751e-21
0
0
4.51751e-21
0
4.51751e-21
0
0
0
-1.08763e-19
4.51751e-21
0
0
4.51751e-21
0
-5.43813e-20
4.51751e-21
0
0
-1.08763e-19
0
4.51751e-21
0
0
0
-5.43813e-20
4.51751e-21
0
0
0
0
4.51751e-21
0
0
0
-5.43813e-20
-1.08763e-19
4.51751e-21
0
0
0
0
4.51751e-21
0
0
0
-1.08763e-19
4.51751e-21
0
0
4.51751e-21
0
4.51751e-21
0
0
0
-1.08763e-19
0
0
0
-1.08763e-19
0
-1.1328e-19
0
0
-1.1328e-19
0
-1.08763e-19
0
-1.1328e-19
0
0
-1.1328e-19
0
-1.08763e-19
0
0
-1.08763e-19
0
-1.1328e-19
0
0
-1.1328e-19
0
-1.08763e-19
0
0
-1.08763e-19
0
-1.1328e-19
0
0
-1.1328e-19
0
-1.08763e-19
0
0
-1.08763e-19
0
-1.1328e-19
0
0
-1.1328e-19
0
-1.08763e-19
0
0
-1.08763e-19
0
-1.1328e-19
0
-1.08763e-19
0
0
-1.08763e-19
0
-1.1328e-19
0
0
-1.1328e-19
0
-1.08763e-19
0
0
-1.08763e-19
0
-1.1328e-19
0
0
-1.1328e-19
0
-1.08763e-19
0
0
-1.08763e-19
0
-1.1328e-19
0
0
-1.1328e-19
0
-1.08763e-19
0
0
-1.08763e-19
0
-1.1328e-19
0
0
-1.1328e-19
0
-1.08763e-19
0
-1.1328e-19
0
0
-1.1328e-19
0
-1.08763e-19
0
0
-1.08763e-19
0
-1.1328e-19
0
0
-1.1328e-19
0
-1.08763e-19
0
0
-1.08763e-19
0
-1.1328e-19
0
0
-1.1328e-19
0
-1.08763e-19
0
0
-1.08763e-19
0
-1.1328e-19
0
0
-1.1328e-19
0
-1.08763e-19
0
0
-1.08763e-19
0
-1.1328e-19
0
-1.08763e-19
0
-1.08763e-19
-1.08763e-19
0
-1.1328e-19
0
-5.43813e-20
-1.1328e-19
-1.08763e-19
-1.08763e-19
0
0
-1.08763e-19
-5.43813e-20
-1.1328e-19
0
0
-1.1328e-19
0
-1.08763e-19
-5.43813e-20
0
-1.08763e-19
0
-1.1328e-19
0
0
-1.1328e-19
-1.08763e-19
-1.08763e-19
0
0
-1.08763e-19
-5.43813e-20
-1.1328e-19
-1.08763e-19
0
-1.1328e-19
0
-1.08763e-19
-5.43813e-20
-1.1328e-19
0
0
-1.1328e-19
0
-1.08763e-19
0
-1.08763e-19
-1.08763e-19
0
-1.1328e-19
0
-5.43813e-20
-1.1328e-19
-1.08763e-19
-1.08763e-19
0
0
-1.08763e-19
-5.43813e-20
-1.1328e-19
-1.08763e-19
0
-1.1328e-19
0
-1.08763e-19
-5.43813e-20
0
-1.08763e-19
0
-1.1328e-19
0
0
-1.1328e-19
-1.08763e-19
-1.08763e-19
0
0
-1.08763e-19
-5.43813e-20
-1.1328e-19
-1.08763e-19
-1.08763e-19
0
0
-1.08763e-19
-5.43813e-20
-1.1328e-19
0
0
-1.1328e-19
0
-1.08763e-19
0
-1.08763e-19
-1.08763e-19
0
-1.1328e-19
0
-5.43813e-20
-1.1328e-19
-1.08763e-19
-1.08763e-19
0
0
-1.08763e-19
-5.43813e-20
-1.1328e-19
-1.08763e-19
0
-1.1328e-19
0
-1.08763e-19
-5.43813e-20
0
-1.08763e-19
0
-1.1328e-19
0
0
-1.1328e-19
-1.08763e-19
-1.08763e-19
0
-1.1328e-19
0
-5.43813e-20
-1.1328e-19
-1.08763e-19
-1.08763e-19
0
0
-1.08763e-19
-5.43813e-20
-1.1328e-19
0
0
-1.1328e-19
0
-1.08763e-19
0
-1.08763e-19
-1.08763e-19
0
-1.1328e-19
0
0
-1.1328e-19
-1.08763e-19
-1.08763e-19
0
0
-1.08763e-19
-5.43813e-20
-1.1328e-19
-1.08763e-19
0
-1.1328e-19
0
-1.08763e-19
-5.43813e-20
0
-1.08763e-19
0
-1.1328e-19
0
-1.08763e-19
0
-1.08763e-19
-1.08763e-19
0
-1.1328e-19
0
-5.43813e-20
-1.1328e-19
-1.08763e-19
-1.08763e-19
0
0
-1.08763e-19
-5.43813e-20
-1.1328e-19
0
0
-1.1328e-19
0
-1.08763e-19
-5.43813e-20
0
-1.08763e-19
0
-1.1328e-19
0
0
-1.1328e-19
-1.08763e-19
-1.08763e-19
0
0
-1.08763e-19
-5.43813e-20
-1.1328e-19
-1.08763e-19
0
-1.1328e-19
0
-1.08763e-19
-5.43813e-20
-1.1328e-19
0
0
-1.1328e-19
0
-1.08763e-19
0
-1.08763e-19
-1.08763e-19
0
-1.1328e-19
0
-5.43813e-20
-1.1328e-19
-1.08763e-19
-1.08763e-19
0
0
-1.08763e-19
-5.43813e-20
-1.1328e-19
-1.08763e-19
0
-1.1328e-19
0
-1.08763e-19
-5.43813e-20
0
-1.08763e-19
0
-1.1328e-19
0
0
-1.1328e-19
-1.08763e-19
-1.08763e-19
0
0
-1.08763e-19
-5.43813e-20
-1.1328e-19
-1.08763e-19
-1.08763e-19
0
0
-1.08763e-19
-5.43813e-20
-1.1328e-19
0
0
-1.1328e-19
0
-1.08763e-19
0
-1.08763e-19
-1.08763e-19
0
-1.1328e-19
0
-5.43813e-20
-1.1328e-19
-1.08763e-19
-1.08763e-19
0
0
-1.08763e-19
-5.43813e-20
-1.1328e-19
-1.08763e-19
0
0
0
0
0
0
0
0
0
0
0
0
0
0
0
0
0
0
0
0
0
0
0
0
0
0
0
0
0
0
0
0
0
0
0
0
0
0
0
0
0
0
0
0
0
0
0
0
0
0
0
0
0
0
0
0
0
0
0
0
0
0
0
0
0
0
0
0
0
0
0
0
0
0
0
0
0
0
0
0
0
0
0
0
0
0
0
0
0
0
0
0
0
0
0
0
0
0
0
0
0
0
0
0
0
0
0
0
0
0
0
0
0
0
0
0
0
0
0
0
0
0
0
0
0
0
0
0
0
0
0
0
0
0
0
0
0
0
0
0
0
0
0
0
0
0
0
0
0
0
0
0
0
0
0
0
0
0
0
0
0
0
0
0
0
0
0
0
0
0
0
0
0
0
0
0
0
0
0
0
0
0
0
0
0
0
0
0
0
0
0
0
0
0
0
0
0
0
0
0
0
0
0
0
0
0
0
0
0
0
0
0
0
0
0
0
0
0
0
0
0
0
0
0
0
0
0
0
0
0
0
0
0
0
0
0
0
0
0
0
0
0
0
0
0
0
0
0
0
0
0
0
0
0
0
0
0
0
0
0
0
0
0
0
0
0
0
0
0
0
0
0
0
0
0
0
0
0
0
0
0
0
0
0
0
0
0
0
0
0
0
0
0
0
0
0
0
0
0
0
0
0
0
0
0
0
0
0
0
0
0
0
0
0
0
0
0
0
0
0
0
0
0
0
0
0
0
0
0
0
0
0
0
0
0
0
0
0
0
0
0
0
0
0
0
0
0
0
0
0
0
0
0
0
0
0
0
0
0
0
0
0
0
0
0
0
0
0
0
0
0
0
0
0
0
0
0
0
0
0
0
0
0
0
0
0
0
0
0
0
0
0
0
0
0
0
0
0
0
0
0
0
0
0
0
0
0
0
0
0
0
0
0
0
0
0
0
0
0
0
0
0
0
0
0
0
0
0
0
0
0
0
0
0
0
0
0
0
0
0
0
0
0
0
0
0
0
0
0
0
0
0
0
0
0
0
0
0
0
0
0
0
0
0
0
0
0
0
)
;

boundaryField
{
    wall_bottom
    {
        type            calculated;
        value           uniform 0;
    }
    wall_top
    {
        type            calculated;
        value           uniform 0;
    }
    front1
    {
        type            cyclic;
    }
    back1
    {
        type            cyclic;
    }
    left1
    {
        type            cyclic;
    }
    right1
    {
        type            cyclic;
    }
    front2
    {
        type            cyclic;
    }
    back2
    {
        type            cyclic;
    }
    left2
    {
        type            cyclic;
    }
    right2
    {
        type            cyclic;
    }
}


// ************************************************************************* //
