/*--------------------------------*- C++ -*----------------------------------*\
| =========                 |                                                 |
| \\      /  F ield         | OpenFOAM: The Open Source CFD Toolbox           |
|  \\    /   O peration     | Version:  2.4.x                                 |
|   \\  /    A nd           | Web:      www.OpenFOAM.org                      |
|    \\/     M anipulation  |                                                 |
\*---------------------------------------------------------------------------*/
FoamFile
{
    version     2.0;
    format      ascii;
    class       volScalarField;
    location    "0";
    object      p;
}
// * * * * * * * * * * * * * * * * * * * * * * * * * * * * * * * * * * * * * //

dimensions      [0 2 -2 0 0 0 0];

internalField   nonuniform List<scalar> 
1300
(
-0.00896787
-0.00896787
-0.00896787
-0.00896787
-0.00896787
-0.00896787
-0.00896787
-0.00896787
-0.00896787
-0.00896787
-0.00896787
-0.00896787
-0.00896787
-0.00896787
-0.00896787
-0.00899206
-0.0090555
-0.00945125
-0.010517
-0.0120751
-0.0150158
-0.0204468
-0.0253185
-0.0292766
-0.0326888
-0.0361813
-0.0391416
-0.0418465
-0.0439188
-0.0460803
-0.0481745
-0.0497472
-0.0504364
-0.0550712
-0.0575229
-0.0583389
-0.0597535
-0.0614612
-0.0629806
-0.0647073
-0.0666669
-0.068896
-0.0711917
-0.073633
-0.0766071
-0.0804839
-0.0839191
-0.0866247
-0.0901121
-0.0931827
-0.0951897
-0.0981393
-0.101407
-0.103735
-0.106462
-0.109555
-0.112039
-0.114194
-0.116347
-0.118679
-0.121067
-0.123316
-0.125495
-0.12816
-0.13045
-0.131775
-0.136755
-0.146239
-0.14712
-0.149126
-0.151726
-0.15418
-0.156202
-0.158642
-0.16096
-0.163224
-0.165232
-0.167186
-0.169159
-0.171245
-0.173681
-0.179393
-0.187943
-0.192639
-0.19789
-0.206178
-0.21002
-0.210647
-0.210692
-0.210692
-0.210692
-0.210692
-0.210692
-0.210692
-0.210692
-0.210692
-0.210692
-0.210692
-0.210692
-0.210692
-0.210692
-0.210692
-0.210692
-0.210692
-0.210692
-0.210692
-0.210692
-0.210692
-0.210692
-0.210692
-0.210692
-0.210692
-0.210692
-0.210692
-0.210692
-0.210692
-0.210692
-0.210692
-0.210692
-0.210692
-0.210692
-0.210692
-0.210692
-0.210692
-0.210692
-0.210692
-0.210692
-0.210692
-0.210692
-0.210692
-0.210692
-0.210692
-0.210692
-0.168407
-0.145897
-0.140162
-0.130244
-0.11865
-0.109067
-0.0990462
-0.088295
-0.0775368
-0.0674016
-0.0575218
-0.0467854
-0.0341598
-0.023384
-0.0149966
-0.00429673
0.00514096
0.0116018
0.0216507
0.0334572
0.0437495
0.0581218
0.0754956
0.0910971
0.106204
0.121392
0.134657
0.144228
0.151777
0.157183
0.161928
0.165349
0.167303
0.166941
0.165285
0.165238
0.164992
0.16452
0.164169
0.164088
0.163786
0.163573
0.163525
0.16352
0.163519
0.163532
0.163569
0.163626
0.163683
0.163688
0.163696
0.1637
0.163704
0.163707
0.163711
0.163714
0.163711
0.163706
0.163702
0.1637
0.163696
0.163694
0.163693
0.163697
0.163701
0.163703
0.163702
0.163695
0.163694
0.163694
0.163697
0.163698
0.163699
0.163699
0.1637
0.1637
0.163699
0.163698
0.163698
0.163698
0.163699
0.163699
0.163699
0.163699
0.163698
0.163698
0.163698
0.163698
0.163698
0.163698
0.163698
0.163698
0.163698
0.163698
0.163698
0.163698
0.163698
0.163698
0.163698
0.163698
0.163698
0.163698
0.163698
0.163698
0.163698
0.163698
0.163698
0.163698
0.163698
0.163698
0.163698
0.163698
0.163698
0.163698
0.163698
0.163698
0.163698
0.163698
0.163698
0.163698
0.163698
0.163698
0.163698
0.163698
0.163698
0.163698
0.163698
0.163698
0.163698
0.163698
0.163698
0.163698
0.163698
0.163698
0.163698
0.163698
0.163698
0.163698
0.163698
0.163698
0.163698
0.163698
0.163698
0.163698
0.163698
0.163698
0.163698
0.163698
0.163698
0.163698
0.163698
0.163698
0.163698
0.163698
0.163698
0.163698
0.163698
0.163698
0.163698
0.163698
0.163698
0.163698
0.163698
0.163698
0.163698
0.163698
0.163698
0.163698
0.163698
0.163698
0.163698
0.163698
0.163698
0.163698
0.163698
0.163698
0.163698
0.163698
0.163698
0.163698
0.163698
0.163698
0.163698
0.163698
0.163698
0.163698
0.163698
0.163698
0.163698
0.163698
0.163698
0.163698
0.163698
0.163698
0.163698
0.163698
0.163698
0.163698
0.163698
0.163698
0.163698
0.163698
0.163698
0.163698
0.163698
0.163698
0.163698
0.163698
0.163698
0.163698
0.163698
0.163698
0.163698
0.163698
0.163698
0.163698
0.163698
0.163698
0.163698
0.163698
0.163698
0.163698
0.163698
0.163698
0.163698
0.163698
0.163698
0.163698
0.163698
0.163698
0.163698
0.163698
0.163698
0.163698
0.163698
0.163698
0.163698
0.163698
0.163698
0.163698
0.163698
0.163698
0.163698
0.163698
0.163698
0.163698
0.163698
0.163698
0.163698
0.163698
0.163698
0.163698
0.163698
0.163698
0.163698
0.163698
0.163698
0.163698
0.163698
0.163698
0.163698
0.163698
0.163698
0.163698
0.163698
0.163698
0.163698
0.163698
0.163698
0.163698
0.163698
0.163698
0.163698
0.163698
0.163698
0.163698
0.163698
0.163698
0.163698
0.163698
0.163698
0.163698
0.163698
0.163698
0.163698
0.163698
0.163698
0.163698
0.163698
0.163698
0.163698
0.163698
0.163698
0.163698
0.163698
0.163698
0.163698
0.163698
0.163698
0.163698
0.163698
0.163698
0.163698
0.163698
0.163698
0.163698
0.163698
0.163698
0.163698
0.163698
0.163698
0.163698
0.163698
0.163698
0.163698
0.163698
0.163698
0.163698
0.163698
0.163698
0.163698
0.163698
0.163698
0.163698
0.163698
0.163698
0.163698
0.163698
0.163698
0.163698
0.163698
0.163698
0.163698
0.163698
0.163698
0.163698
0.163698
0.163698
0.163698
0.163698
0.163698
0.163698
0.163698
0.163698
0.163698
0.163698
0.163698
0.163698
0.163698
0.163698
0.163698
0.163698
0.163698
0.163698
0.163698
0.163698
0.163698
0.163698
0.163698
0.163698
0.163698
0.163698
0.163698
0.163698
0.163698
0.163698
0.163698
0.163698
0.163698
0.163698
0.163698
0.163698
0.163698
0.163698
0.163698
0.163698
0.163698
0.163698
0.163698
0.163698
0.163698
0.163698
0.163698
0.163698
0.163698
0.163698
0.163698
0.163698
0.163698
0.163698
0.163698
0.163698
0.163698
0.163698
0.163698
0.163698
0.163698
0.163698
0.163698
0.163698
0.163698
0.163698
0.163698
0.163698
0.163698
0.163698
0.163698
0.163698
0.163698
0.163698
0.163698
0.163698
0.163698
0.163698
0.163698
0.163698
0.163698
0.163698
0.163698
0.163698
0.163698
0.163698
0.163698
0.163698
0.163698
0.163698
0.163698
0.163698
0.163698
0.163698
0.163698
0.163698
0.163698
0.163698
0.163698
0.163698
0.163698
0.163698
0.163698
0.163698
0.163698
0.163698
0.163698
0.163698
0.163698
0.163698
0.163698
0.163698
0.163698
0.163698
0.163698
0.163698
0.163698
0.163698
0.163698
0.163698
0.163698
0.163698
0.163698
0.163698
0.163698
0.163698
0.163698
0.163698
0.163698
0.163698
0.163698
0.163698
0.163698
0.163698
0.163698
0.163698
0.163698
0.163698
0.163698
0.163698
0.163698
0.163698
0.163698
0.163698
0.163698
0.163698
0.163698
0.163698
0.163698
0.163698
0.163698
0.163698
0.163698
0.163698
0.163698
0.163698
0.163698
0.163698
0.163698
0.163698
0.163698
0.163698
0.163698
0.163698
0.163698
0.163698
0.163698
0.163698
0.163698
0.163698
0.163698
0.163698
0.163698
0.163698
0.163698
0.163698
0.163698
0.163698
0.163698
0.163698
0.163698
0.163698
0.163698
0.163698
0.163698
0.163698
0.163698
0.163698
0.163698
0.163698
0.163698
0.163698
0.163698
0.163698
0.163698
0.163698
0.163698
0.163698
0.163698
0.163698
0.163698
0.163698
0.163698
0.163698
0.163698
0.163698
0.163698
0.163698
0.163698
0.163698
0.163698
0.163698
0.163698
0.163698
0.163698
0.163698
0.163698
0.163698
0.163698
0.163698
0.163698
0.163698
0.163698
0.163698
0.163698
0.163698
0.163698
0.163698
0.163698
0.163698
0.163698
0.163698
0.163698
0.163698
0.163698
0.163698
0.163698
0.163698
0.163698
0.163698
0.163698
0.163698
0.163698
0.163698
0.163698
0.163698
0.163698
0.163698
0.163698
0.163698
0.163698
0.163698
0.163698
0.163698
0.163698
0.163698
0.163698
0.163698
0.163698
0.163698
0.163698
0.163698
0.163698
0.163698
0.163698
0.163698
0.163698
0.163698
0.163698
0.163698
0.163698
0.163698
0.163698
0.163698
0.163698
0.163698
0.163698
0.163698
0.163698
0.163698
0.163698
0.163698
0.163698
0.163698
0.163698
0.163698
0.163698
0.163698
0.163698
0.163698
0.163698
0.163698
0.163698
0.163698
0.163698
0.163698
0.163698
0.163698
0.163698
0.163698
0.163698
0.163698
0.163698
0.163698
0.163698
0.163698
0.163698
0.163698
0.163698
0.163698
0.163698
0.163698
0.163698
0.163698
0.163698
0.163698
0.163698
0.163698
0.163698
0.163698
0.163698
0.163698
0.163698
0.163698
0.163698
0.163698
0.163698
0.163698
0.163698
0.163698
0.163698
0.163698
0.163698
0.163698
0.163698
0.163698
0.163698
0.163698
0.163698
0.163698
0.163698
0.163698
0.163698
0.163698
0.163698
0.163698
0.163698
0.163698
0.163698
0.163698
0.163698
0.163698
0.163698
0.163698
0.163698
0.163698
0.163698
0.163698
0.163698
0.163698
0.163698
0.163698
0.163698
0.163698
0.163698
0.163698
0.163698
0.163698
0.163698
0.163698
0.163698
0.163698
0.163698
0.163698
0.163698
0.163698
0.163698
0.163698
0.163698
0.163698
0.163698
0.163698
0.163698
0.163698
0.163698
0.163698
0.163698
0.163698
0.163698
0.163698
0.163698
0.163698
0.163698
0.163698
0.163698
0.163698
0.163698
0.163698
0.163698
0.163698
0.163698
0.163698
0.163698
0.163698
0.163698
0.163698
0.163698
0.163698
0.163698
0.163698
0.163698
0.163698
0.163698
0.163698
0.163698
0.163698
0.163698
0.163698
0.163698
0.163698
0.163698
0.163698
0.163698
0.163698
0.163698
0.163698
0.163698
0.163698
0.163698
0.163698
0.163698
0.163698
0.163698
0.163698
0.163698
0.163698
0.163698
0.163698
0.163698
0.163698
0.163698
0.163698
0.163698
0.163698
0.163698
0.163698
0.163698
0.163698
0.163698
0.163698
0.163698
0.163698
0.163698
0.163698
0.163698
0.163698
0.163698
0.163698
0.163698
0.163698
0.163698
0.163698
0.163698
0.163698
0.163698
0.163698
0.163698
0.163698
0.163698
0.163698
0.163698
0.163698
0.163698
0.163698
0.163698
0.163698
0.163698
0.163698
0.163698
0.163698
0.163698
0.163698
0.163698
0.163698
0.163698
0.163698
0.163698
0.163698
0.163698
0.163698
0.163698
0.163698
0.163698
0.163698
0.163698
0.163698
0.163698
0.163698
0.163698
0.163698
0.163698
0.163698
0.163698
0.163698
0.163698
0.163698
0.163698
0.163698
0.163698
0.163698
0.163698
0.163698
0.163698
0.163698
0.163698
0.163698
0.163698
0.163698
0.163698
0.163698
0.163698
0.163698
0.163698
0.163698
0.163698
0.163698
0.163698
0.163698
0.163698
0.163698
0.163698
0.163698
0.163698
0.163698
0.163698
0.163698
0.163698
0.163698
0.163698
0.163698
0.163698
0.163698
0.163698
0.163698
0.163698
0.163698
0.163698
0.163698
0.163698
0.163698
0.163698
0.163698
0.163698
0.163698
0.163698
0.163698
0.163698
0.163698
0.163698
0.163698
0.163698
0.163698
0.163698
0.163698
0.163698
0.163698
0.163698
0.163698
0.163698
0.163698
0.163698
0.163698
0.163698
0.163698
0.163698
0.163698
0.163698
0.163698
0.163698
0.163698
0.163698
0.163698
0.163698
0.163698
0.163698
0.163698
0.163698
0.163698
0.163698
0.163698
0.163698
0.163698
0.163698
0.163698
0.163698
0.163698
0.163698
0.163698
0.163698
0.163698
0.163698
0.163698
0.163698
0.163698
0.163698
0.163698
0.163698
0.163698
0.163698
0.163698
0.163698
0.163698
0.163698
0.163698
0.163698
0.163698
0.163698
0.163698
0.163698
0.163698
0.163698
0.163698
0.163698
0.163698
0.163698
0.163698
0.163698
0.163698
0.163698
0.163698
0.163698
0.163698
0.163698
0.163698
0.163698
0.163698
0.163698
0.163698
0.163698
0.163698
0.163698
0.163698
0.163698
0.163698
0.163698
0.163698
0.163698
0.163698
0.163698
0.163698
0.163698
0.163698
0.163698
0.163698
0.163698
0.163698
0.163698
0.163698
0.163698
0.163698
0.163698
0.163698
0.163698
0.163698
0.163698
0.163698
0.163698
0.163698
0.163698
0.163698
0.163698
0.163698
0.163698
0.163698
0.163698
0.163698
0.163698
0.163698
0.163698
0.163698
0.163698
0.163698
0.163698
0.163698
0.163698
0.163698
0.163698
0.163698
0.163698
0.163698
0.163698
0.163698
0.163698
0.163698
0.163698
0.163698
0.163698
0.163698
0.163698
0.163698
0.163698
0.163698
0.163698
0.163698
0.163698
0.163698
0.163698
0.163698
0.163698
0.163698
0.163698
0.163698
0.163698
0.163698
0.163698
0.163698
0.163698
0.163698
0.163698
0.163698
0.163698
0.163698
0.163698
0.163698
0.163698
0.163698
0.163698
0.163698
0.163698
0.163698
0.163698
0.163698
0.163698
0.163698
0.163698
0.163698
0.163698
0.163698
0.163698
0.163698
0.163698
0.163698
0.163698
0.163698
0.163698
0.163698
0.163698
0.163698
0.163698
0.163698
0.163698
0.163698
0.163698
0.163698
0.163698
0.163698
0.163698
0.163698
0.163698
0.163698
0.163698
0.163698
0.163698
0.163698
0.163698
0.163698
0.163698
0.163698
0.163698
0.163698
0.163698
0.163698
0.163698
0.163698
0.163698
0.163698
0.163698
0.163698
0.163698
0.163698
0.163698
0.163698
0.163698
0.163698
0.163698
0.163698
0.163698
0.163698
0.163698
0.163698
0.163698
0.163698
0.163698
0.163698
0.163698
0.163698
0.163698
0.163698
0.163698
0.163698
0.163698
0.163698
0.163698
0.163698
0.163698
0.163698
0.163698
0.163698
0.163698
0.163698
0.163698
0.163698
0.163698
0.163698
0.163698
0.163698
0.163698
0.163698
0.163698
0.163698
0.163698
0.163698
0.163698
0.163698
0.163698
0.163698
0.163698
0.163698
0.163698
0.163698
0.163698
)
;

boundaryField
{
    wall_bottom
    {
        type            fixedFluxPressure;
        gradient        uniform 0;
        value           uniform -0.00896787;
    }
    wall_top
    {
        type            fixedValue;
        value           uniform 0;
    }
    front1
    {
        type            cyclic;
    }
    back1
    {
        type            cyclic;
    }
    left1
    {
        type            cyclic;
    }
    right1
    {
        type            cyclic;
    }
    front2
    {
        type            cyclic;
    }
    back2
    {
        type            cyclic;
    }
    left2
    {
        type            cyclic;
    }
    right2
    {
        type            cyclic;
    }
}


// ************************************************************************* //
