/*--------------------------------*- C++ -*----------------------------------*\
| =========                 |                                                 |
| \\      /  F ield         | OpenFOAM: The Open Source CFD Toolbox           |
|  \\    /   O peration     | Version:  2.4.x                                 |
|   \\  /    A nd           | Web:      www.OpenFOAM.org                      |
|    \\/     M anipulation  |                                                 |
\*---------------------------------------------------------------------------*/
FoamFile
{
    version     2.0;
    format      ascii;
    class       volScalarField;
    location    "0";
    object      ccx;
}
// * * * * * * * * * * * * * * * * * * * * * * * * * * * * * * * * * * * * * //

dimensions      [0 1 0 0 0 0 0];

internalField   nonuniform List<scalar> 
1300
(
0
0
-3.01167e-21
0
0
0
0
0
1.52603e-19
0
0
0
0
0
0
0
0
0
0
0
-4.98638e-20
4.98638e-20
0
0
-4.98638e-20
4.98638e-20
-4.98638e-20
0
-4.98638e-20
4.98638e-20
-4.98638e-20
0
0
-4.98638e-20
4.98638e-20
0
0
0
4.98638e-20
-4.98638e-20
0
-4.98638e-20
4.98638e-20
0
0
0
4.98638e-20
-4.98638e-20
0
-4.98638e-20
4.98638e-20
0
0
2.05479e-19
0
-2.05479e-19
0
2.05479e-19
0
0
0
2.05479e-19
0
-2.05479e-19
0
0
2.05479e-19
0
-2.05479e-19
0
0
0
0
0
2.05479e-19
0
-2.05479e-19
0
2.05479e-19
0
0
0
0
0
-2.05479e-19
0
0
0
0
-2.05479e-19
0
0
0
0
0
2.05479e-19
0
-2.05479e-19
0
2.05479e-19
0
0
0
0
0
0
0
0
0
0
0
0
0
0
0
0
0
0
0
0
0
0
0
0
0
0
0
0
0
0
0
0
0
0
0
0
0
0
0
0
0
0
0
0
0
0
0
0
0
0
0
0
0
0
0
0
0
0
0
0
0
0
0
0
0
0
0
0
0
0
0
0
0
0
0
0
0
0
0
0
0
0
0
0
0
0
0
0
0
0
0
0
0
0
0
0
0
0
0
0
0
0
0
0
0
0
0
0
0
0
0
-3.01167e-21
0
0
0
0
-3.01167e-21
0
0
0
0
-3.01167e-21
0
0
0
0
0
-3.01167e-21
0
0
0
0
-3.01167e-21
0
0
0
0
-3.01167e-21
0
0
0
0
-3.01167e-21
0
0
0
0
0
-3.01167e-21
0
0
0
0
-3.01167e-21
0
0
0
0
-3.01167e-21
0
0
0
0
-3.01167e-21
0
0
0
0
0
-3.01167e-21
0
0
0
0
-3.01167e-21
0
0
0
0
-3.01167e-21
0
0
0
2.05479e-19
-3.01167e-21
0
0
-3.01167e-21
0
1.02739e-19
-3.01167e-21
0
0
2.05479e-19
0
-3.01167e-21
0
0
0
1.02739e-19
-3.01167e-21
0
0
0
0
-3.01167e-21
0
0
0
1.02739e-19
2.05479e-19
-3.01167e-21
0
0
0
0
-3.01167e-21
0
0
0
2.05479e-19
-3.01167e-21
0
0
-3.01167e-21
0
-3.01167e-21
0
0
0
2.05479e-19
0
-3.01167e-21
0
-3.01167e-21
0
1.02739e-19
-3.01167e-21
0
0
0
0
-3.01167e-21
0
0
0
1.02739e-19
-3.01167e-21
0
0
0
0
0
-3.01167e-21
0
0
1.02739e-19
2.05479e-19
-3.01167e-21
0
0
-3.01167e-21
0
-3.01167e-21
0
0
0
2.05479e-19
-3.01167e-21
0
0
-3.01167e-21
0
1.02739e-19
-3.01167e-21
0
0
2.05479e-19
0
-3.01167e-21
0
0
0
1.02739e-19
-3.01167e-21
0
0
0
0
-3.01167e-21
0
0
0
1.02739e-19
2.05479e-19
-3.01167e-21
0
0
0
0
-3.01167e-21
0
0
0
2.05479e-19
-3.01167e-21
0
0
-3.01167e-21
0
-3.01167e-21
0
0
0
2.05479e-19
0
0
0
2.05479e-19
0
2.58354e-19
0
0
2.58354e-19
0
2.05479e-19
0
2.58354e-19
0
0
2.58354e-19
0
2.05479e-19
0
0
2.05479e-19
0
2.58354e-19
0
0
2.58354e-19
0
2.05479e-19
0
0
2.05479e-19
0
2.58354e-19
0
0
2.58354e-19
0
2.05479e-19
0
0
2.05479e-19
0
2.58354e-19
0
0
2.58354e-19
0
2.05479e-19
0
0
2.05479e-19
0
2.58354e-19
0
2.05479e-19
0
0
2.05479e-19
0
2.58354e-19
0
0
2.58354e-19
0
2.05479e-19
0
0
2.05479e-19
0
2.58354e-19
0
0
2.58354e-19
0
2.05479e-19
0
0
2.05479e-19
0
2.58354e-19
0
0
2.58354e-19
0
2.05479e-19
0
0
2.05479e-19
0
2.58354e-19
0
0
2.58354e-19
0
2.05479e-19
0
2.58354e-19
0
0
2.58354e-19
0
2.05479e-19
0
0
2.05479e-19
0
2.58354e-19
0
0
2.58354e-19
0
2.05479e-19
0
0
2.05479e-19
0
2.58354e-19
0
0
2.58354e-19
0
2.05479e-19
0
0
2.05479e-19
0
2.58354e-19
0
0
2.58354e-19
0
2.05479e-19
0
0
2.05479e-19
0
2.58354e-19
0
2.05479e-19
0
2.05479e-19
2.05479e-19
0
2.58354e-19
0
1.02739e-19
2.58354e-19
2.05479e-19
2.05479e-19
0
0
2.05479e-19
1.02739e-19
2.58354e-19
0
0
2.58354e-19
0
2.05479e-19
1.02739e-19
0
2.05479e-19
0
2.58354e-19
0
0
2.58354e-19
2.05479e-19
2.05479e-19
0
0
2.05479e-19
1.02739e-19
2.58354e-19
2.05479e-19
0
2.58354e-19
0
2.05479e-19
1.02739e-19
2.58354e-19
0
0
2.58354e-19
0
2.05479e-19
0
2.05479e-19
2.05479e-19
0
2.58354e-19
0
1.02739e-19
2.58354e-19
2.05479e-19
2.05479e-19
0
0
2.05479e-19
1.02739e-19
2.58354e-19
2.05479e-19
0
2.58354e-19
0
2.05479e-19
1.02739e-19
0
2.05479e-19
0
2.58354e-19
0
0
2.58354e-19
2.05479e-19
2.05479e-19
0
0
2.05479e-19
1.02739e-19
2.58354e-19
2.05479e-19
2.05479e-19
0
0
2.05479e-19
1.02739e-19
2.58354e-19
0
0
2.58354e-19
0
2.05479e-19
0
2.05479e-19
2.05479e-19
0
2.58354e-19
0
1.02739e-19
2.58354e-19
2.05479e-19
2.05479e-19
0
0
2.05479e-19
1.02739e-19
2.58354e-19
2.05479e-19
0
2.58354e-19
0
2.05479e-19
1.02739e-19
0
2.05479e-19
0
2.58354e-19
0
0
2.58354e-19
2.05479e-19
2.05479e-19
0
2.58354e-19
0
1.02739e-19
2.58354e-19
2.05479e-19
2.05479e-19
0
0
2.05479e-19
1.02739e-19
2.58354e-19
0
0
2.58354e-19
0
2.05479e-19
0
2.05479e-19
2.05479e-19
0
2.58354e-19
0
0
2.58354e-19
2.05479e-19
2.05479e-19
0
0
2.05479e-19
1.02739e-19
2.58354e-19
2.05479e-19
0
2.58354e-19
0
2.05479e-19
1.02739e-19
0
2.05479e-19
0
2.58354e-19
0
2.05479e-19
0
2.05479e-19
2.05479e-19
0
2.58354e-19
0
1.02739e-19
2.58354e-19
2.05479e-19
2.05479e-19
0
0
2.05479e-19
1.02739e-19
2.58354e-19
0
0
2.58354e-19
0
2.05479e-19
1.02739e-19
0
2.05479e-19
0
2.58354e-19
0
0
2.58354e-19
2.05479e-19
2.05479e-19
0
0
2.05479e-19
1.02739e-19
2.58354e-19
2.05479e-19
0
2.58354e-19
0
2.05479e-19
1.02739e-19
2.58354e-19
0
0
2.58354e-19
0
2.05479e-19
0
2.05479e-19
2.05479e-19
0
2.58354e-19
0
1.02739e-19
2.58354e-19
2.05479e-19
2.05479e-19
0
0
2.05479e-19
1.02739e-19
2.58354e-19
2.05479e-19
0
2.58354e-19
0
2.05479e-19
1.02739e-19
0
2.05479e-19
0
2.58354e-19
0
0
2.58354e-19
2.05479e-19
2.05479e-19
0
0
2.05479e-19
1.02739e-19
2.58354e-19
2.05479e-19
2.05479e-19
0
0
2.05479e-19
1.02739e-19
2.58354e-19
0
0
2.58354e-19
0
2.05479e-19
0
2.05479e-19
2.05479e-19
0
2.58354e-19
0
1.02739e-19
2.58354e-19
2.05479e-19
2.05479e-19
0
0
2.05479e-19
1.02739e-19
2.58354e-19
2.05479e-19
0
0
0
0
0
0
0
0
0
0
0
0
0
0
0
0
0
0
0
0
0
0
0
0
0
0
0
0
0
0
0
0
0
0
0
0
0
0
0
0
0
0
0
0
0
0
0
0
0
0
0
0
0
0
0
0
0
0
0
0
0
0
0
0
0
0
0
0
0
0
0
0
0
0
0
0
0
0
0
0
0
0
0
0
0
0
0
0
0
0
0
0
0
0
0
0
0
0
0
0
0
0
0
0
0
0
0
0
0
0
0
0
0
0
0
0
0
0
0
0
0
0
0
0
0
0
0
0
0
0
0
0
0
0
0
0
0
0
0
0
0
0
0
0
0
0
0
0
0
0
0
0
0
0
0
0
0
0
0
0
0
0
0
0
0
0
0
0
0
0
0
0
0
0
0
0
0
0
0
0
0
0
0
0
0
0
0
0
0
0
0
0
0
0
0
0
0
0
0
0
0
0
0
0
0
0
0
0
0
0
0
0
0
0
0
0
0
0
0
0
0
0
0
0
0
0
0
0
0
0
0
0
0
0
0
0
0
0
0
0
0
0
0
0
0
0
0
0
0
0
0
0
0
0
0
0
0
0
0
0
0
0
0
0
0
0
0
0
0
0
0
0
0
0
0
0
0
0
0
0
0
0
0
0
0
0
0
0
0
0
0
0
0
0
0
0
0
0
0
0
0
0
0
0
0
0
0
0
0
0
0
0
0
0
0
0
0
0
0
0
0
0
0
0
0
0
0
0
0
0
0
0
0
0
0
0
0
0
0
0
0
0
0
0
0
0
0
0
0
0
0
0
0
0
0
0
0
0
0
0
0
0
0
0
0
0
0
0
0
0
0
0
0
0
0
0
0
0
0
0
0
0
0
0
0
0
0
0
0
0
0
0
0
0
0
0
0
0
0
0
0
0
0
0
0
0
0
0
0
0
0
0
0
0
0
0
0
0
0
0
0
0
0
0
0
0
0
0
0
0
0
0
0
0
0
0
0
0
0
0
0
0
0
0
0
0
0
0
0
0
0
0
0
0
0
0
0
0
0
0
0
0
0
0
0
0
0
0
)
;

boundaryField
{
    wall_bottom
    {
        type            calculated;
        value           uniform 0;
    }
    wall_top
    {
        type            calculated;
        value           uniform 0;
    }
    front1
    {
        type            cyclic;
    }
    back1
    {
        type            cyclic;
    }
    left1
    {
        type            cyclic;
    }
    right1
    {
        type            cyclic;
    }
    front2
    {
        type            cyclic;
    }
    back2
    {
        type            cyclic;
    }
    left2
    {
        type            cyclic;
    }
    right2
    {
        type            cyclic;
    }
}


// ************************************************************************* //
