/*--------------------------------*- C++ -*----------------------------------*\
| =========                 |                                                 |
| \\      /  F ield         | OpenFOAM: The Open Source CFD Toolbox           |
|  \\    /   O peration     | Version:  2.4.x                                 |
|   \\  /    A nd           | Web:      www.OpenFOAM.org                      |
|    \\/     M anipulation  |                                                 |
\*---------------------------------------------------------------------------*/
FoamFile
{
    version     2.0;
    format      ascii;
    class       volScalarField;
    location    "0";
    object      Ksl;
}
// * * * * * * * * * * * * * * * * * * * * * * * * * * * * * * * * * * * * * //

dimensions      [1 -3 -1 0 0 0 0];

internalField   nonuniform List<scalar> 
1300
(
3.53424e+08
3.45049e+08
3.14086e+08
2.69173e+08
2.23014e+08
1.93173e+08
1.56084e+08
1.23291e+08
9.66046e+07
7.55584e+07
5.96584e+07
5.05332e+07
4.85425e+07
4.82953e+07
5.02979e+07
5.50319e+07
5.798e+07
6.00541e+07
6.3228e+07
6.37897e+07
5.98268e+07
5.11065e+07
4.50726e+07
4.28018e+07
4.32136e+07
4.3626e+07
4.19393e+07
3.87498e+07
3.55327e+07
3.04127e+07
2.43207e+07
1.94723e+07
1.73386e+07
1.61662e+07
1.5973e+07
1.68363e+07
1.83316e+07
2.01151e+07
2.16605e+07
2.33675e+07
2.52696e+07
2.73499e+07
2.94388e+07
3.15402e+07
3.38906e+07
3.67244e+07
3.90412e+07
4.00774e+07
4.02522e+07
4.00873e+07
3.95924e+07
3.82587e+07
3.63171e+07
3.37105e+07
2.91978e+07
2.47458e+07
2.3246e+07
2.39697e+07
2.58722e+07
2.80562e+07
3.0451e+07
3.27621e+07
3.50763e+07
3.79794e+07
4.05e+07
4.19587e+07
4.10255e+07
3.83724e+07
3.78549e+07
3.66743e+07
3.51044e+07
3.34904e+07
3.19523e+07
2.99502e+07
2.7769e+07
2.52088e+07
2.27697e+07
2.02052e+07
1.73619e+07
1.44006e+07
1.28471e+07
1.21889e+07
1.19377e+07
1.20162e+07
1.27263e+07
1.42341e+07
1.61754e+07
1.96838e+07
2.52454e+07
2.87498e+07
3.08198e+07
3.19789e+07
3.31303e+07
3.38527e+07
3.44597e+07
3.48275e+07
3.51319e+07
3.53287e+07
3.54605e+07
3.5496e+07
4.01243e+07
4.02347e+07
4.06433e+07
4.12307e+07
4.17472e+07
4.1935e+07
4.20403e+07
4.19746e+07
4.14396e+07
4.0803e+07
4.02116e+07
3.9685e+07
3.91758e+07
3.87936e+07
3.81265e+07
3.69097e+07
3.61466e+07
3.54193e+07
3.40344e+07
3.29205e+07
3.19337e+07
3.04328e+07
2.906e+07
2.78797e+07
2.68027e+07
2.56323e+07
2.4472e+07
2.32758e+07
2.22953e+07
2.1127e+07
1.99016e+07
1.89587e+07
1.85447e+07
8.13513e+06
2.96588e+06
2.96272e+06
2.95744e+06
2.95483e+06
2.95975e+06
2.97394e+06
2.99619e+06
3.03604e+06
3.08642e+06
3.12753e+06
3.14856e+06
3.1452e+06
3.13094e+06
3.10501e+06
3.05085e+06
2.99882e+06
2.96743e+06
2.92818e+06
2.89712e+06
2.91097e+06
2.97342e+06
3.12885e+06
3.43274e+06
3.86947e+06
4.32545e+06
4.50471e+06
4.29043e+06
3.94436e+06
3.42004e+06
2.59428e+06
1.81959e+06
1.36906e+06
841047
0
0
0
0
0
0
0
0
0
0
0
0
0
0
0
0
0
0
0
0
0
0
0
0
0
0
0
0
0
0
0
0
0
0
0
0
0
0
0
0
0
0
0
0
0
0
0
0
0
0
0
0
0
0
0
0
0
0
0
0
0
0
0
0
0
0
0
0
0
0
0
0
0
0
0
0
0
0
0
0
0
0
0
0
0
0
0
0
0
0
0
0
0
0
0
0
0
0
0
0
0
0
0
0
0
0
0
0
0
0
0
0
0
0
0
0
0
0
0
0
0
0
0
0
0
0
0
0
0
0
0
0
0
0
0
0
0
0
0
0
0
0
0
0
0
0
0
0
0
0
0
0
0
0
0
0
0
0
0
0
0
0
0
0
0
0
0
0
0
0
0
0
0
0
0
0
0
0
0
0
0
0
0
0
0
0
0
0
0
0
0
0
0
0
0
0
0
0
0
0
0
0
0
0
0
0
0
0
0
0
0
0
0
0
0
0
0
0
0
0
0
0
0
0
0
0
0
0
0
0
0
0
0
0
0
0
0
0
0
0
0
0
0
0
0
0
0
0
0
0
0
0
0
0
0
0
0
0
0
0
0
0
0
0
0
0
0
0
0
0
0
0
0
0
0
0
0
0
0
0
0
0
0
0
0
0
0
0
0
0
0
0
0
0
0
0
0
0
0
0
0
0
0
0
0
0
0
0
0
0
0
0
0
0
0
0
0
0
0
0
0
0
0
0
0
0
0
0
0
0
0
0
0
0
0
0
0
0
0
0
0
0
0
0
0
0
0
0
0
0
0
0
0
0
0
0
0
0
0
0
0
0
0
0
0
0
0
0
0
0
0
0
0
0
0
0
0
0
0
0
0
0
0
0
0
0
0
0
0
0
0
0
0
0
0
0
0
0
0
0
0
0
0
0
0
0
0
0
0
0
0
0
0
0
0
0
0
0
0
0
0
0
0
0
0
0
0
0
0
0
0
0
0
0
0
0
0
0
0
0
0
0
0
0
0
0
0
0
0
0
0
0
0
0
0
0
0
0
0
0
0
0
0
0
0
0
0
0
0
0
0
0
0
0
0
0
0
0
0
0
0
0
0
0
0
0
0
0
0
0
0
0
0
0
0
0
0
0
0
0
0
0
0
0
0
0
0
0
0
0
0
0
0
0
0
0
0
0
0
0
0
0
0
0
0
0
0
0
0
0
0
0
0
0
0
0
0
0
0
0
0
0
0
0
0
0
0
0
0
0
0
0
0
0
0
0
0
0
0
0
0
0
0
0
0
0
0
0
0
0
0
0
0
0
0
0
0
0
0
0
0
0
0
0
0
0
0
0
0
0
0
0
0
0
0
0
0
0
0
0
0
0
0
0
0
0
0
0
0
0
0
0
0
0
0
0
0
0
0
0
0
0
0
0
0
0
0
0
0
0
0
0
0
0
0
0
0
0
0
0
0
0
0
0
0
0
0
0
0
0
0
0
0
0
0
0
0
0
0
0
0
0
0
0
0
0
0
0
0
0
0
0
0
0
0
0
0
0
0
0
0
0
0
0
0
0
0
0
0
0
0
0
0
0
0
0
0
0
0
0
0
0
0
0
0
0
0
0
0
0
0
0
0
0
0
0
0
0
0
0
0
0
0
0
0
0
0
0
0
0
0
0
0
0
0
0
0
0
0
0
0
0
0
0
0
0
0
0
0
0
0
0
0
0
0
0
0
0
0
0
0
0
0
0
0
0
0
0
0
0
0
0
0
0
0
0
0
0
0
0
0
0
0
0
0
0
0
0
0
0
0
0
0
0
0
0
0
0
0
0
0
0
0
0
0
0
0
0
0
0
0
0
0
0
0
0
0
0
0
0
0
0
0
0
0
0
0
0
0
0
0
0
0
0
0
0
0
0
0
0
0
0
0
0
0
0
0
0
0
0
0
0
0
0
0
0
0
0
0
0
0
0
0
0
0
0
0
0
0
0
0
0
0
0
0
0
0
0
0
0
0
0
0
0
0
0
0
0
0
0
0
0
0
0
0
0
0
0
0
0
0
0
0
0
0
0
0
0
0
0
0
0
0
0
0
0
0
0
0
0
0
0
0
0
0
0
0
0
0
0
0
0
0
0
0
0
0
0
0
0
0
0
0
0
0
0
0
0
0
0
0
0
0
0
0
0
0
0
0
0
0
0
0
0
0
0
0
0
0
0
0
0
0
0
0
0
0
0
0
0
0
0
0
0
0
0
0
0
0
0
0
0
0
0
0
0
0
0
0
0
0
0
0
0
0
0
0
0
0
0
0
0
0
0
0
0
0
0
0
0
0
0
0
0
0
0
0
0
0
0
0
0
0
0
0
0
0
0
0
0
0
0
0
0
0
0
0
0
0
0
0
0
0
0
0
0
0
0
0
0
0
0
0
0
0
0
0
0
0
0
0
0
0
0
0
0
0
0
0
0
0
0
0
0
0
0
0
0
0
0
0
0
0
0
0
0
0
0
0
0
0
0
0
0
0
0
0
0
0
0
0
0
0
0
0
0
0
0
0
0
0
0
0
0
0
0
0
0
0
0
0
0
0
)
;

boundaryField
{
    wall_bottom
    {
        type            zeroGradient;
    }
    wall_top
    {
        type            zeroGradient;
    }
    front1
    {
        type            cyclic;
    }
    back1
    {
        type            cyclic;
    }
    left1
    {
        type            cyclic;
    }
    right1
    {
        type            cyclic;
    }
    front2
    {
        type            cyclic;
    }
    back2
    {
        type            cyclic;
    }
    left2
    {
        type            cyclic;
    }
    right2
    {
        type            cyclic;
    }
}


// ************************************************************************* //
