/*--------------------------------*- C++ -*----------------------------------*\
| =========                 |                                                 |
| \\      /  F ield         | OpenFOAM: The Open Source CFD Toolbox           |
|  \\    /   O peration     | Version:  2.4.x                                 |
|   \\  /    A nd           | Web:      www.OpenFOAM.org                      |
|    \\/     M anipulation  |                                                 |
\*---------------------------------------------------------------------------*/
FoamFile
{
    version     2.0;
    format      ascii;
    class       volScalarField;
    location    "0";
    object      V;
}
// * * * * * * * * * * * * * * * * * * * * * * * * * * * * * * * * * * * * * //

dimensions      [0 3 0 0 0 0 0];

internalField   nonuniform List<scalar> 
1300
(
5.4e-09
5.4e-09
5.4e-09
5.4e-09
5.4e-09
5.4e-09
5.4e-09
5.4e-09
5.4e-09
5.4e-09
5.4e-09
5.4e-09
5.4e-09
5.4e-09
5.4e-09
5.4e-09
5.4e-09
5.4e-09
5.4e-09
5.4e-09
5.4e-09
5.4e-09
5.4e-09
5.4e-09
5.4e-09
5.4e-09
5.4e-09
5.4e-09
5.4e-09
5.4e-09
5.4e-09
5.4e-09
5.4e-09
5.4e-09
5.4e-09
5.4e-09
5.4e-09
5.4e-09
5.4e-09
5.4e-09
5.4e-09
5.4e-09
5.4e-09
5.4e-09
5.4e-09
5.4e-09
5.4e-09
5.4e-09
5.4e-09
5.4e-09
5.4e-09
5.4e-09
5.4e-09
5.4e-09
5.4e-09
5.4e-09
5.4e-09
5.4e-09
5.4e-09
5.4e-09
5.4e-09
5.4e-09
5.4e-09
5.4e-09
5.4e-09
5.4e-09
5.4e-09
5.4e-09
5.4e-09
5.4e-09
5.4e-09
5.4e-09
5.4e-09
5.4e-09
5.4e-09
5.4e-09
5.4e-09
5.4e-09
5.4e-09
5.4e-09
5.4e-09
5.4e-09
5.4e-09
5.4e-09
5.4e-09
5.4e-09
5.4e-09
5.4e-09
5.4e-09
5.4e-09
5.4e-09
5.4e-09
5.4e-09
5.4e-09
5.4e-09
5.4e-09
5.4e-09
5.4e-09
5.4e-09
5.4e-09
5.4e-09
5.4e-09
5.4e-09
5.4e-09
5.4e-09
5.4e-09
5.4e-09
5.4e-09
5.4e-09
5.4e-09
5.4e-09
5.4e-09
5.4e-09
5.4e-09
5.4e-09
5.4e-09
5.4e-09
5.4e-09
5.4e-09
5.4e-09
5.4e-09
5.4e-09
5.4e-09
5.4e-09
5.4e-09
5.4e-09
5.4e-09
5.4e-09
5.4e-09
5.4e-09
5.4e-09
5.4e-09
5.4e-09
5.4e-09
5.4e-09
5.4e-09
5.4e-09
5.4e-09
5.4e-09
5.4e-09
5.4e-09
5.4e-09
5.4e-09
5.4e-09
5.4e-09
5.4e-09
5.4e-09
5.4e-09
5.4e-09
5.4e-09
5.4e-09
5.4e-09
5.4e-09
5.4e-09
5.4e-09
5.4e-09
5.4e-09
5.4e-09
5.4e-09
5.4e-09
5.4e-09
5.4e-09
5.4e-09
5.4e-09
5.4e-09
5.4e-09
5.4e-09
5.4e-09
5.4e-09
5.4e-09
5.4e-09
5.4e-09
5.4e-09
5.4e-09
5.4e-09
5.4e-09
5.4e-09
5.4e-09
5.4e-09
5.4e-09
5.4e-09
5.4e-09
5.4e-09
5.4e-09
5.4e-09
5.4e-09
5.4e-09
5.4e-09
5.4e-09
5.4e-09
5.4e-09
5.4e-09
5.4e-09
5.4e-09
5.4e-09
5.4e-09
5.4e-09
5.4e-09
5.4e-09
5.4e-09
5.4e-09
5.4e-09
5.4e-09
5.4e-09
5.4e-09
5.4e-09
5.4e-09
5.4e-09
5.4e-09
5.4e-09
5.4e-09
5.4e-09
5.4e-09
5.4e-09
5.4e-09
5.4e-09
5.4e-09
5.4e-09
5.4e-09
5.4e-09
5.4e-09
5.4e-09
5.4e-09
5.4e-09
5.4e-09
5.4e-09
5.4e-09
5.4e-09
5.4e-09
5.4e-09
5.4e-09
5.4e-09
5.4e-09
5.4e-09
5.4e-09
5.4e-09
5.4e-09
5.4e-09
5.4e-09
5.4e-09
5.4e-09
5.4e-09
5.4e-09
5.4e-09
5.4e-09
5.4e-09
5.4e-09
5.4e-09
5.4e-09
5.4e-09
5.4e-09
5.4e-09
5.4e-09
5.4e-09
5.4e-09
5.4e-09
5.4e-09
5.4e-09
5.4e-09
5.4e-09
5.4e-09
5.4e-09
5.4e-09
5.4e-09
5.4e-09
5.4e-09
5.4e-09
5.4e-09
5.4e-09
5.4e-09
5.4e-09
5.4e-09
5.4e-09
5.4e-09
5.4e-09
5.4e-09
5.4e-09
5.4e-09
5.4e-09
5.4e-09
5.4e-09
5.4e-09
5.4e-09
5.4e-09
5.4e-09
5.4e-09
5.4e-09
5.4e-09
5.4e-09
5.4e-09
5.4e-09
5.4e-09
5.4e-09
5.4e-09
5.4e-09
5.4e-09
5.4e-09
5.4e-09
5.4e-09
5.4e-09
5.4e-09
5.4e-09
5.4e-09
5.4e-09
5.4e-09
5.4e-09
5.4e-09
5.4e-09
5.4e-09
5.4e-09
5.4e-09
5.4e-09
5.4e-09
5.4e-09
5.4e-09
5.4e-09
5.4e-09
5.4e-09
5.4e-09
5.4e-09
5.4e-09
5.4e-09
5.4e-09
5.4e-09
5.4e-09
5.4e-09
5.4e-09
5.4e-09
5.4e-09
5.4e-09
5.4e-09
5.4e-09
5.4e-09
5.4e-09
5.4e-09
5.4e-09
5.4e-09
5.4e-09
5.4e-09
5.4e-09
5.4e-09
5.4e-09
5.4e-09
5.4e-09
5.4e-09
5.4e-09
5.4e-09
5.4e-09
5.4e-09
5.4e-09
5.4e-09
5.4e-09
5.4e-09
5.4e-09
5.4e-09
5.4e-09
5.4e-09
5.4e-09
5.4e-09
5.4e-09
5.4e-09
5.4e-09
5.4e-09
5.4e-09
5.4e-09
5.4e-09
5.4e-09
5.4e-09
5.4e-09
5.4e-09
5.4e-09
5.4e-09
5.4e-09
5.4e-09
5.4e-09
5.4e-09
5.4e-09
5.4e-09
5.4e-09
5.4e-09
5.4e-09
5.4e-09
5.4e-09
5.4e-09
5.4e-09
5.4e-09
5.4e-09
5.4e-09
5.4e-09
5.4e-09
5.4e-09
5.4e-09
5.4e-09
5.4e-09
5.4e-09
5.4e-09
5.4e-09
5.4e-09
5.4e-09
5.4e-09
5.4e-09
5.4e-09
5.4e-09
5.4e-09
5.4e-09
5.4e-09
5.4e-09
5.4e-09
5.4e-09
5.4e-09
5.4e-09
5.4e-09
5.4e-09
5.4e-09
5.4e-09
5.4e-09
5.4e-09
5.4e-09
5.4e-09
5.4e-09
5.4e-09
5.4e-09
5.4e-09
5.4e-09
5.4e-09
5.4e-09
5.4e-09
5.4e-09
5.4e-09
5.4e-09
5.4e-09
5.4e-09
5.4e-09
5.4e-09
5.4e-09
5.4e-09
5.4e-09
5.4e-09
5.4e-09
5.4e-09
5.4e-09
5.4e-09
5.4e-09
5.4e-09
5.4e-09
5.4e-09
5.4e-09
5.4e-09
5.4e-09
5.4e-09
5.4e-09
5.4e-09
5.4e-09
5.4e-09
5.4e-09
5.4e-09
5.4e-09
5.4e-09
5.4e-09
5.4e-09
5.4e-09
5.4e-09
5.4e-09
5.4e-09
5.4e-09
5.4e-09
5.4e-09
5.4e-09
5.4e-09
5.4e-09
5.4e-09
5.4e-09
5.4e-09
5.4e-09
5.4e-09
5.4e-09
5.4e-09
5.4e-09
5.4e-09
5.4e-09
5.4e-09
5.4e-09
5.4e-09
5.4e-09
5.4e-09
5.4e-09
5.4e-09
5.4e-09
5.4e-09
5.4e-09
5.4e-09
5.4e-09
5.4e-09
5.4e-09
5.4e-09
5.4e-09
5.4e-09
5.4e-09
5.4e-09
5.4e-09
5.4e-09
5.4e-09
5.4e-09
5.4e-09
5.4e-09
5.4e-09
5.4e-09
5.4e-09
5.4e-09
5.4e-09
5.4e-09
5.4e-09
5.4e-09
5.4e-09
5.4e-09
5.4e-09
5.4e-09
5.4e-09
5.4e-09
5.4e-09
5.4e-09
5.4e-09
5.4e-09
5.4e-09
5.4e-09
5.4e-09
5.4e-09
5.4e-09
5.4e-09
5.4e-09
5.4e-09
5.4e-09
5.4e-09
5.4e-09
5.4e-09
5.4e-09
5.4e-09
5.4e-09
5.4e-09
5.4e-09
5.4e-09
5.4e-09
5.4e-09
5.4e-09
5.4e-09
5.4e-09
5.4e-09
5.4e-09
5.4e-09
5.4e-09
5.4e-09
5.4e-09
5.4e-09
5.4e-09
5.4e-09
5.4e-09
5.4e-09
5.4e-09
5.4e-09
5.4e-09
5.4e-09
5.4e-09
5.4e-09
5.4e-09
5.4e-09
5.4e-09
5.4e-09
5.4e-09
5.4e-09
5.4e-09
5.4e-09
5.4e-09
5.4e-09
5.4e-09
5.4e-09
5.4e-09
5.4e-09
5.4e-09
5.4e-09
5.4e-09
5.4e-09
5.4e-09
5.4e-09
5.4e-09
5.4e-09
5.4e-09
5.4e-09
5.4e-09
5.4e-09
5.4e-09
5.4e-09
5.4e-09
5.4e-09
5.4e-09
5.4e-09
5.4e-09
5.4e-09
5.4e-09
5.4e-09
5.4e-09
5.4e-09
5.4e-09
5.4e-09
5.4e-09
5.4e-09
5.4e-09
5.4e-09
5.4e-09
5.4e-09
5.4e-09
5.4e-09
5.4e-09
5.4e-09
5.4e-09
5.4e-09
5.4e-09
5.4e-09
5.4e-09
5.4e-09
5.4e-09
5.4e-09
5.4e-09
5.4e-09
5.4e-09
5.4e-09
5.4e-09
5.4e-09
5.4e-09
5.4e-09
5.4e-09
5.4e-09
5.4e-09
5.4e-09
5.4e-09
5.4e-09
5.4e-09
5.4e-09
5.4e-09
5.4e-09
5.4e-09
5.4e-09
5.4e-09
5.4e-09
5.4e-09
5.4e-09
5.4e-09
5.4e-09
5.4e-09
5.4e-09
5.4e-09
5.4e-09
5.4e-09
5.4e-09
5.4e-09
5.4e-09
5.4e-09
5.4e-09
5.4e-09
5.4e-09
5.4e-09
5.4e-09
5.4e-09
5.4e-09
5.4e-09
5.4e-09
5.4e-09
5.4e-09
5.4e-09
5.4e-09
5.4e-09
5.4e-09
5.4e-09
5.4e-09
5.4e-09
5.4e-09
5.4e-09
5.4e-09
5.4e-09
5.4e-09
5.4e-09
5.4e-09
5.4e-09
5.4e-09
5.4e-09
5.4e-09
5.4e-09
5.4e-09
5.4e-09
5.4e-09
5.4e-09
5.4e-09
5.4e-09
5.4e-09
5.4e-09
5.4e-09
5.4e-09
5.4e-09
5.4e-09
5.4e-09
5.4e-09
5.4e-09
5.4e-09
5.4e-09
5.4e-09
5.4e-09
5.4e-09
5.4e-09
5.4e-09
5.4e-09
5.4e-09
5.4e-09
5.4e-09
5.4e-09
5.4e-09
5.4e-09
5.4e-09
5.4e-09
5.4e-09
5.4e-09
5.4e-09
5.4e-09
5.4e-09
5.4e-09
5.4e-09
5.4e-09
5.4e-09
5.4e-09
5.4e-09
5.4e-09
5.4e-09
5.4e-09
5.4e-09
5.4e-09
5.4e-09
5.4e-09
5.4e-09
5.4e-09
5.4e-09
5.4e-09
5.4e-09
5.4e-09
5.4e-09
5.4e-09
5.4e-09
5.4e-09
5.4e-09
5.4e-09
5.4e-09
5.4e-09
5.4e-09
5.4e-09
5.4e-09
5.4e-09
5.4e-09
5.4e-09
5.4e-09
5.4e-09
5.4e-09
5.4e-09
5.4e-09
5.4e-09
5.4e-09
5.4e-09
5.4e-09
5.4e-09
5.4e-09
5.4e-09
5.4e-09
5.4e-09
5.4e-09
5.4e-09
5.4e-09
5.4e-09
5.4e-09
5.4e-09
5.4e-09
5.4e-09
5.4e-09
5.4e-09
5.4e-09
5.4e-09
5.4e-09
5.4e-09
5.4e-09
5.4e-09
5.4e-09
5.4e-09
5.4e-09
5.4e-09
5.4e-09
5.4e-09
5.4e-09
5.4e-09
5.4e-09
5.4e-09
5.4e-09
5.4e-09
5.4e-09
5.4e-09
5.4e-09
5.4e-09
5.4e-09
5.4e-09
5.4e-09
5.4e-09
5.4e-09
5.4e-09
5.4e-09
5.4e-09
5.4e-09
5.4e-09
5.4e-09
5.4e-09
5.4e-09
5.4e-09
5.4e-09
5.4e-09
5.4e-09
5.4e-09
5.4e-09
5.4e-09
5.4e-09
5.4e-09
5.4e-09
5.4e-09
5.4e-09
5.4e-09
5.4e-09
5.4e-09
5.4e-09
5.4e-09
5.4e-09
5.4e-09
5.4e-09
5.4e-09
5.4e-09
5.4e-09
5.4e-09
5.4e-09
5.4e-09
5.4e-09
5.4e-09
5.4e-09
5.4e-09
5.4e-09
5.4e-09
5.4e-09
5.4e-09
5.4e-09
5.4e-09
5.4e-09
5.4e-09
5.4e-09
5.4e-09
5.4e-09
5.4e-09
5.4e-09
5.4e-09
5.4e-09
5.4e-09
5.4e-09
5.4e-09
5.4e-09
5.4e-09
5.4e-09
5.4e-09
5.4e-09
5.4e-09
5.4e-09
5.4e-09
5.4e-09
5.4e-09
5.4e-09
5.4e-09
5.4e-09
5.4e-09
5.4e-09
5.4e-09
5.4e-09
5.4e-09
5.4e-09
5.4e-09
5.4e-09
5.4e-09
5.4e-09
5.4e-09
5.4e-09
5.4e-09
5.4e-09
5.4e-09
5.4e-09
5.4e-09
5.4e-09
5.4e-09
5.4e-09
5.4e-09
5.4e-09
5.4e-09
5.4e-09
5.4e-09
5.4e-09
5.4e-09
5.4e-09
5.4e-09
5.4e-09
5.4e-09
5.4e-09
5.4e-09
5.4e-09
5.4e-09
5.4e-09
5.4e-09
5.4e-09
5.4e-09
5.4e-09
5.4e-09
5.4e-09
5.4e-09
5.4e-09
5.4e-09
5.4e-09
5.4e-09
5.4e-09
5.4e-09
5.4e-09
5.4e-09
5.4e-09
5.4e-09
5.4e-09
5.4e-09
5.4e-09
5.4e-09
5.4e-09
5.4e-09
5.4e-09
5.4e-09
5.4e-09
5.4e-09
5.4e-09
5.4e-09
5.4e-09
5.4e-09
5.4e-09
5.4e-09
5.4e-09
5.4e-09
5.4e-09
5.4e-09
5.4e-09
5.4e-09
5.4e-09
5.4e-09
5.4e-09
5.4e-09
5.4e-09
5.4e-09
5.4e-09
5.4e-09
5.4e-09
5.4e-09
5.4e-09
5.4e-09
5.4e-09
5.4e-09
5.4e-09
5.4e-09
5.4e-09
5.4e-09
5.4e-09
5.4e-09
5.4e-09
5.4e-09
5.4e-09
5.4e-09
5.4e-09
5.4e-09
5.4e-09
5.4e-09
5.4e-09
5.4e-09
5.4e-09
5.4e-09
5.4e-09
5.4e-09
5.4e-09
5.4e-09
5.4e-09
5.4e-09
5.4e-09
5.4e-09
5.4e-09
5.4e-09
5.4e-09
5.4e-09
5.4e-09
5.4e-09
5.4e-09
5.4e-09
5.4e-09
5.4e-09
5.4e-09
5.4e-09
5.4e-09
5.4e-09
5.4e-09
5.4e-09
5.4e-09
5.4e-09
5.4e-09
5.4e-09
5.4e-09
5.4e-09
5.4e-09
5.4e-09
5.4e-09
5.4e-09
5.4e-09
5.4e-09
5.4e-09
5.4e-09
5.4e-09
5.4e-09
5.4e-09
5.4e-09
5.4e-09
5.4e-09
5.4e-09
5.4e-09
5.4e-09
5.4e-09
5.4e-09
5.4e-09
5.4e-09
5.4e-09
5.4e-09
5.4e-09
5.4e-09
5.4e-09
5.4e-09
5.4e-09
5.4e-09
5.4e-09
5.4e-09
5.4e-09
5.4e-09
5.4e-09
5.4e-09
5.4e-09
5.4e-09
5.4e-09
5.4e-09
5.4e-09
5.4e-09
5.4e-09
5.4e-09
5.4e-09
5.4e-09
5.4e-09
5.4e-09
5.4e-09
5.4e-09
5.4e-09
5.4e-09
5.4e-09
5.4e-09
5.4e-09
5.4e-09
5.4e-09
5.4e-09
5.4e-09
5.4e-09
5.4e-09
5.4e-09
5.4e-09
5.4e-09
5.4e-09
5.4e-09
5.4e-09
5.4e-09
5.4e-09
5.4e-09
5.4e-09
5.4e-09
5.4e-09
5.4e-09
5.4e-09
5.4e-09
5.4e-09
5.4e-09
5.4e-09
5.4e-09
5.4e-09
5.4e-09
5.4e-09
5.4e-09
5.4e-09
5.4e-09
5.4e-09
5.4e-09
5.4e-09
5.4e-09
5.4e-09
5.4e-09
5.4e-09
5.4e-09
5.4e-09
5.4e-09
5.4e-09
5.4e-09
5.4e-09
5.4e-09
5.4e-09
5.4e-09
5.4e-09
5.4e-09
5.4e-09
5.4e-09
5.4e-09
5.4e-09
5.4e-09
5.4e-09
5.4e-09
5.4e-09
5.4e-09
5.4e-09
5.4e-09
5.4e-09
5.4e-09
5.4e-09
5.4e-09
5.4e-09
5.4e-09
5.4e-09
5.4e-09
5.4e-09
5.4e-09
5.4e-09
5.4e-09
5.4e-09
5.4e-09
5.4e-09
5.4e-09
5.4e-09
5.4e-09
5.4e-09
5.4e-09
5.4e-09
5.4e-09
5.4e-09
5.4e-09
5.4e-09
5.4e-09
5.4e-09
5.4e-09
5.4e-09
5.4e-09
5.4e-09
5.4e-09
5.4e-09
5.4e-09
5.4e-09
5.4e-09
5.4e-09
5.4e-09
5.4e-09
5.4e-09
5.4e-09
5.4e-09
5.4e-09
5.4e-09
5.4e-09
5.4e-09
5.4e-09
5.4e-09
5.4e-09
5.4e-09
5.4e-09
5.4e-09
5.4e-09
5.4e-09
5.4e-09
5.4e-09
5.4e-09
5.4e-09
5.4e-09
5.4e-09
5.4e-09
5.4e-09
5.4e-09
5.4e-09
5.4e-09
5.4e-09
5.4e-09
5.4e-09
5.4e-09
5.4e-09
5.4e-09
5.4e-09
5.4e-09
5.4e-09
5.4e-09
5.4e-09
5.4e-09
5.4e-09
5.4e-09
5.4e-09
5.4e-09
5.4e-09
5.4e-09
5.4e-09
5.4e-09
5.4e-09
5.4e-09
5.4e-09
5.4e-09
5.4e-09
5.4e-09
5.4e-09
5.4e-09
5.4e-09
5.4e-09
5.4e-09
5.4e-09
5.4e-09
5.4e-09
5.4e-09
5.4e-09
5.4e-09
5.4e-09
5.4e-09
5.4e-09
5.4e-09
5.4e-09
5.4e-09
5.4e-09
5.4e-09
5.4e-09
5.4e-09
5.4e-09
5.4e-09
5.4e-09
5.4e-09
5.4e-09
5.4e-09
5.4e-09
5.4e-09
5.4e-09
5.4e-09
5.4e-09
5.4e-09
5.4e-09
5.4e-09
5.4e-09
5.4e-09
5.4e-09
5.4e-09
5.4e-09
5.4e-09
5.4e-09
5.4e-09
5.4e-09
5.4e-09
5.4e-09
5.4e-09
5.4e-09
5.4e-09
5.4e-09
5.4e-09
5.4e-09
5.4e-09
5.4e-09
5.4e-09
5.4e-09
5.4e-09
5.4e-09
5.4e-09
5.4e-09
5.4e-09
5.4e-09
5.4e-09
5.4e-09
5.4e-09
5.4e-09
5.4e-09
5.4e-09
5.4e-09
5.4e-09
5.4e-09
5.4e-09
5.4e-09
5.4e-09
5.4e-09
5.4e-09
5.4e-09
5.4e-09
5.4e-09
5.4e-09
5.4e-09
5.4e-09
5.4e-09
)
;

boundaryField
{
    wall_bottom
    {
        type            calculated;
        value           uniform 1.8e-05;
    }
    wall_top
    {
        type            calculated;
        value           uniform 1.8e-05;
    }
    front1
    {
        type            cyclic;
    }
    back1
    {
        type            cyclic;
    }
    left1
    {
        type            cyclic;
    }
    right1
    {
        type            cyclic;
    }
    front2
    {
        type            cyclic;
    }
    back2
    {
        type            cyclic;
    }
    left2
    {
        type            cyclic;
    }
    right2
    {
        type            cyclic;
    }
}


// ************************************************************************* //
